idx1,idx2,t_x,t_y,t_z,q_w,q_x,q_y,q_z
643,456,-4.322227926282141,-5.798361975989967,-1.0656739075221004,0.9998116142577896,0.010055101439717171,0.0011593875591306769,-0.016561604715651428
0,456,1.0578398677879228,1.6853152593567309,-0.13331808903904552,-0.5446674315039295,0.0017986876817005025,-0.007168211854717546,0.8386195624479207
645,189,-0.5376915938235833,4.375633408468653,-0.06327131710392853,0.7660043158760824,0.0002261475109733651,0.004193544926614703,0.642821710194566
2,458,-5.991989691172034,-2.671181738560392,-0.12631956286517365,0.8914163308105213,-0.00966472458968917,-0.002094426781035308,-0.45307740137792296
189,270,-7.5079522799649165,-2.3288484757167507,0.011071858732077278,-0.03602417502916387,-0.010929952972049075,0.0154676960259587,0.9991714293959498
646,189,-0.1808561806653295,3.565925684611961,-0.04722209584340131,0.7515849489384009,0.010465425366519357,-0.005283899279838332,-0.6595321218936646
3,273,3.6602926734941166,-9.392979688323994,0.032137639792759076,0.9594730085017443,-0.005149061212746379,0.00046035734717511277,0.2817531210055218
189,273,14.011234476999103,-1.1062022371715434,0.28896633442280106,0.7044944468215729,-0.020608829864795383,-0.0053081981069457215,0.7093903534458494
273,458,0.8958113010861841,10.714657718652028,0.04049817740828332,0.996596845629048,-0.0006452255836116442,-0.0023075888582980023,0.08239530326322465
647,635,2.1089785606523463,-1.4667193647220271,-5.856120471623292,0.9519175197938632,-0.11514609765043016,0.0778041831487598,-0.27302183207562747
179,192,-7.8513060853930625,1.016587213222406,-0.4889984207944579,0.9984678706532885,-0.04657226760607399,0.029574178635029546,-0.004278214718759666
191,635,-7.286747500355531,1.149663041618518,-1.0535442609218184,0.005602468110528162,0.00028731329732128996,0.9999268628267868,0.010714420167248093
459,635,5.965980874123471,-11.783235406870112,-0.06503086324837831,7.000250899641406e-06,0.00011968924244298943,0.0009089112807896965,0.9999995797527944
648,461,3.0350546088358334,7.863092411134325,0.09042404447355268,-0.5083796113052814,-0.016224470130376645,-0.01659654363477234,0.8608202437892934
191,274,-7.707994413912967,3.775570043739359,0.19831284254111148,0.920457929110845,0.020015595881822345,0.02170314019287214,-0.389724967591555
649,178,2.49951661763184,2.558466383527003,-0.3285595843766913,-0.4373831174100323,0.018759385698395296,0.04019557907592449,0.8981806107212802
6,178,-4.074968134049862,1.83337250291459,-0.3250283789115094,0.9952111279362107,0.024667970461129837,-0.03268344087886943,-0.08875863201729571
7,178,-1.2493950303988632,4.187132524764141,-0.10568743890820485,-0.008189423177249659,-0.0025559841471038953,0.9998968581719296,-0.01151839012048554
177,274,-8.310568467438038,-1.5240678773158776,0.3720904784332152,-0.00038798435342113347,0.00851570217217726,0.0038043585485923797,0.9999564286211124
192,446,-5.300587703640446,1.242496766771012,-0.24516991210953615,0.5407008914292155,-0.015563746410456207,0.0020284294356786034,0.8410684878648986
275,462,0.6582858731747949,3.744641547081048,0.12151396063128095,0.8478058549246733,0.01296993719586715,-0.018161526247893724,0.529836929676411
650,177,4.6028791925435,-2.6472920554777226,0.047731184313428626,0.9999987142127718,-0.0015730775970424686,0.00031144218469591963,-1.8554700841610923e-06
8,193,1.728162734476297,18.560219860877325,-0.6986187431292149,-0.633596285381624,0.010898667215665342,0.0008688328650067873,0.7735865894216255
177,463,-9.622375448368706,-5.094821917967765,0.35924388627269355,0.6918735807006652,0.04670972484320891,-0.005312252106474844,0.7204865924575343
275,633,3.547521549247021,4.373491952271101,-0.12492559014109195,0.7877662558000194,-0.0130733121308307,0.0340628381108556,-0.6148927856078503
651,9,9.90815989319204,-4.893889617058461,0.13439322352389227,0.9977592057255544,0.0032664878273590404,0.005142984223738312,-0.06662917649542861
9,176,-6.635973015871329,1.547184438170257,-0.2681339647621801,0.2407873391023246,-0.010379097451810152,-0.04160398633065482,0.969630259421346
176,276,3.1213489890098027,-2.961162564759915,-0.054539369077053035,0.9983381568642697,0.025832889164883337,-0.0036323783264847484,0.05138474689964736
195,445,7.940858174929389,-2.106139222423287,-1.2685640042309796,0.003865356511435898,0.9999088659559451,0.0004154640917560793,0.012928503058119175
277,464,0.9594021000638122,2.8627459306737855,0.08608769535557248,0.9484737447959032,0.0073119085830299566,-0.007909654037199287,0.3166725892759287
652,175,-2.4662566989608266,-3.797950469058299,-0.11423401231761798,0.7741705246090491,-0.023528071529952024,-0.030615744562457213,0.6317983102711794
9,196,2.0077863089962,-1.171497691462816,0.033458835950156196,0.6174538515803605,-0.005286757289304678,-0.000999557750481059,0.7865887059005142
176,196,-6.42529479966602,12.611827733716371,1.8196489296638656,-0.012041928830243043,0.9241501855853516,0.0738088627440214,-0.3746380629528207
277,465,5.976746931825792,13.109291382715242,0.10802544030990724,0.9953699494673696,0.006958783485923475,-0.003565762247492178,-0.0957993964976644
653,278,-3.509389769699881,-2.0023128165929744,-0.013589698318078547,0.9950518678523113,0.002111313438516473,-0.00036234493404908944,0.09933373719607753
11,279,0.5591854393188953,5.304029925818364,0.10387392233668824,-0.5047441522840022,0.0004981594540541332,-0.000573954440999014,0.863268650623062
174,466,-5.016980658551494,3.510333928498433,-0.2496206354177244,-0.03194409327892666,-0.03254698195970092,-0.020080931768170465,0.9987577409208023
278,442,9.09702071912334,0.2823446358801991,-0.1817255118070904,0.29389207994575917,0.014831226738151251,-0.0325149218979293,0.95517027796753
465,630,2.0784715155225926,-2.410277304595529,-0.02993615119785442,0.7852031629701819,0.023103035442063637,0.020536932858049806,0.6184662294772196
654,467,17.413506156761976,-5.03870115343156,-0.2530628390896281,0.9389086573628299,0.003555455566743122,-0.00492745123587612,-0.3441127897785244
12,442,-0.9919705019077213,1.475187759074791,0.07372752535058646,-2.5318735416696165e-05,0.0022064642698688733,0.00035750050728111665,0.9999975015307663
197,442,-4.4256720306216195,-0.37119737974515876,-0.17607252648098992,0.993454931711041,-0.026344446126028553,-0.02449146793038978,-0.10841326863414036
442,467,2.3356895828647533,1.8403827205496757,-0.029465283184687996,0.00039616161474820266,0.020485137895443286,0.014562567336759627,0.9996840169843378
655,467,-1.145780208402705,-1.241071786142622,-0.044791407442389186,-0.12068126449321911,0.008126875306573857,0.005862826717694513,0.9926407273333829
172,281,0.16089809134094524,-2.3551447955735068,-0.17422024194285657,0.9775609147470917,0.037986304080410434,0.006823160111921335,-0.20708728388586997
199,468,-6.531653052818241,3.7442788750726703,-0.26730810524253323,0.9667872988042181,-0.0006371196612315887,0.00011267891565292307,0.25558149434738564
656,468,-2.3949258209715576,0.18671596150845726,-0.0805520278395484,0.8982163063330689,0.004951023265095643,0.007393173851513814,0.43946364512483654
200,282,1.9161470612518654,-0.10598254246052097,-0.08612884807310461,0.7212575616710647,-0.003118372762577147,0.0035554184299320633,-0.6926508243577076
13,201,4.46730445311217,12.207946989647056,-0.41512323598831,-0.0056238881941819445,-0.0002680016195891632,-0.0018735794228612929,0.999982394723456
201,282,2.7980481052404023,8.114081627238026,0.3324856908404875,0.1128981377762128,-0.0016968847994072434,-0.0033711187836238305,0.9935993994698203
658,470,1.409255476750302,0.811768435619526,-0.12422770274518657,0.27089884227197397,-0.002719828227623601,-0.003970531990717014,0.962595789865002
16,470,-9.789218103613294,2.0495650419494718,0.27580369103589875,0.6375586958323248,0.0008065119567331755,-0.00284217980809211,0.7703961194872332
659,17,9.745511264107233,-2.22466003820129,-0.08434138760160104,0.9995558344062515,-0.0014453738797238485,-0.007540042872207698,-0.028795703711758526
17,203,-6.547208670127248,0.9024102461430484,0.13055959521611427,0.9730796800198178,2.1677668481157194e-05,-0.0008678306574226836,-0.23046731380514204
660,204,-1.862083885784615,-2.358900133849674,0.029641746852046458,0.8332809726139083,-0.002930438907042897,0.008142655415525675,0.5527819917202578
204,285,8.39493912067168,-1.6765141325510884,0.08629428615681989,0.9682876869461352,-0.0015215321617749547,0.00036626664391128775,0.2498329563871221
661,286,-4.348213700739325,2.4303609375411472,-0.008360363031715945,0.9803193267357874,-0.0030594699537116,-0.005354766108119882,-0.19732203057900619
662,288,-0.8291636219926911,7.197715292803258,0.012555825220682326,-0.15962820910200626,-0.00010596658154501974,0.003057203737665752,0.9871724657501728
165,287,5.37635414273273,-4.125008568893346,-0.05941684141461889,0.7393807866862662,0.012809762273986251,-0.03423721560704279,0.6722944112047631
663,288,2.3112137499133745,-1.505733721465102,-0.015189583952472718,-0.3844512637547613,-0.0022190627887502643,0.004264092669099673,0.9231327743458227
165,289,-13.799018348702363,5.211770687405187,0.04802783054172288,0.99928823791324,0.03263474205653534,-0.01889077286530124,0.0010629579985763594
664,20,4.0677017293601745,6.742106795577794,-0.003094445616678154,0.4253170239051418,-0.00029001093658614994,-0.002322381548053591,0.905041408784192
20,290,-4.523358731972141,14.194023890067307,0.06242462267320681,-0.3062799936379639,-0.0016274338902520042,0.0065276808765724415,0.9519176993513858
207,290,7.0880789698235915,-9.790603213809721,0.12459007591842175,0.89070091646485,0.000562566037142772,0.0018592560655629896,0.4545856400008835
290,477,0.05310183505560895,-2.651355754627947,0.018564484214082855,-0.3793322485808089,0.0037458180373119198,0.008026484268184253,0.9252181308124866
208,291,5.373736067466805,-9.265774517188675,0.15547727163203318,0.7292587318704816,-0.0016397714981686538,0.0020259745367192344,-0.6842330805853131
23,478,1.2759986777405194,-2.16895755677172,-0.009301461742877937,-0.6105958063316371,-8.900635419879742e-05,0.0027682272867943654,0.7919375545368307
211,292,-1.5517101855444864,-10.122830966182866,-0.030849255308804224,0.9993059953164029,-0.00670225799269577,0.000580393879550336,0.03663701141519876
669,26,-0.08471003501963126,1.3884431312362637,-0.08466900556120693,0.768100565911427,-0.0039052099611219925,-0.007145068788647532,-0.6402774539008153
26,481,2.4797976943475906,0.06905383136321586,0.06960375859976731,0.5574433639160866,0.00028991965189964784,0.0009254672327272767,0.8302144033217648
670,213,4.796547989541434,-1.0573776975629892,-0.027575058379683215,0.797167794704948,0.006282392708849527,0.004295943744411966,0.6037098504202547
213,482,-1.1654325460480641,14.053833238424959,-0.22318468455369245,0.9925496033939989,0.0010363342401199986,-0.0005836715402804922,0.12183542235857095
27,483,0.2571272753087168,-15.424962989427204,-0.19088625962009376,0.3635623118522364,0.0008066441643919016,-0.0013404729027113773,0.9315685685220635
672,29,8.070869655868398,-2.850591794168496,0.09248155253309598,0.703286826550586,-0.01573087816817173,-0.0028060280604168225,0.7107266037506884
29,296,6.593927553563589,15.15291587320229,0.1700781908961142,0.786337578358545,0.0059024561353830255,3.0181164298106615e-05,-0.6177688669412585
297,484,0.3861629018695121,-0.32164699768576177,-0.17584675963707164,-0.5371795222027733,0.003790177934682897,-0.0034693966397469325,0.8434522860032924
673,301,-10.75654872965767,2.9330519040952465,0.34082448333808135,-0.035660806186523265,0.011695383689424032,0.01867394208970431,0.9991210180900584
30,300,7.530714379406326,4.1697874741936705,0.06321990748339901,-0.09892748385303964,0.01684096045226001,-0.009162006222115696,0.9949099419703966
31,299,-0.9702155213234089,3.3530555655465903,0.12733575738083514,-0.03495302775713978,-0.007057564102569986,0.018125439668228473,0.9991996522599376
32,298,7.216670447595261,1.286607019555965,0.21333701619483558,0.9910332896436115,-0.018425333322107825,-0.00457435858451254,-0.13225959758622918
216,300,-4.266855335576994,5.692084294322117,0.14035947163138118,-0.7014870613108679,0.00233042430451972,0.01046273162435282,0.7126015739408383
217,485,-2.4163792534266464,-5.4758422707117855,0.013767272074201697,0.9091185612888739,-0.0026453789698197066,-0.006313798278813572,-0.41648118737999285
218,487,-3.20178978397786,-1.6261166818982438,-0.024507610262928026,0.989939344805238,-0.007138430676784174,0.002612016661170744,0.14128805251333362
300,485,7.110199676874967,6.231070094711765,-0.32230178492421513,0.5467356189596493,0.010096240263954111,0.005303969309642001,0.8372276254417936
674,33,-6.061037223184105,-2.7032731727969512,0.19374367939030557,0.9329888595741327,0.002640910105455896,0.00224801604740529,-0.3598885382006833
674,302,-7.622711021320041,-0.7710069924402099,0.32351501846968866,0.9996120659558982,-0.01891279874308966,0.006288940628113639,0.019454379066434012
31,303,-4.982263579780728,-7.743729927403465,0.34328965285579893,0.9806760546660156,-0.014060548657990949,-0.006184029640268034,0.19503470089587271
33,219,-0.9749414707308548,2.4990386907208855,-0.07924043990555485,0.767662867469568,-0.016004588319322353,0.01012411014357915,0.6405740218389521
33,488,3.4213184218143757,0.5722855071871886,0.055507029284175946,0.8866687129725339,-0.007199783312107668,-0.00809926096123093,-0.46227822631805915
34,302,-2.681979552351583,-0.5558198199182504,0.05806765834386374,0.6190957090532153,-0.017259252527874615,-0.012052716309705516,0.7850333453195689
218,303,0.5450033491678439,10.009116078237309,-0.00819402040065964,-0.23952134350779583,0.006967009585524228,-0.0051922808652612755,0.9708522168698344
219,489,-4.092985008694053,-5.841910724273878,-0.03219811506893011,0.8718419523287125,-0.0012446546450598655,-0.0044961738766209035,0.48976509207470553
221,299,1.416883954612405,-2.131589717727915,0.3128444467237334,0.9999963069319535,0.0018745931123939524,0.00196767109703596,-1.7133918545908514e-05
300,489,5.380327349089793,-5.578013698553756,-0.2230006023326665,0.25244572871568544,0.011739525246282493,0.0007803049225724787,0.9675395230813191
675,32,1.2873863129989151,0.8154171463711142,-0.06817070812279358,0.36639940075364424,-0.007565261362690416,0.001299792724123022,0.9304260080666054
675,487,-3.4436210025090483,2.824243077707503,-0.2558261435619924,0.9048674114258429,0.00836485555261719,-0.01454994201786534,-0.4253625466803053
676,489,2.3874133389494605,6.630669184827862,0.15010838154222483,-0.5465383972742576,-0.007092089721865337,0.0009565390683550387,0.8374034676315077
678,36,-4.076951152370248,-7.279574752945113,0.013708227384628069,0.8027885875328892,0.00733083260338,0.001695616941781582,0.596216292551182
33,490,10.099232579989845,-7.231741596764192,0.4001223711501616,-0.6662485806021321,-0.004487426527689052,-0.001199192089432912,0.7457152632118611
35,490,-3.7612254304441333,0.18307570303783582,0.0515896465606831,0.7874713191273072,-3.4663627983190375e-05,0.0028883526939339223,0.6163445284652465
222,303,-5.831414696672909,3.7584861677362627,0.04990876432695601,0.966634472300737,-0.005343127639609173,-0.005635215292193596,0.2560419736986752
679,36,-0.7972501276842106,-2.6877211851157483,-0.03249871989818298,0.7813875616902358,0.006781389102303227,0.0012567068166789697,0.6240079421654886
35,491,-10.03439049338932,2.726931900053198,0.09272777827046652,0.24851451603718447,0.0013067995091117694,0.003053210941116949,0.9686224783148469
223,491,-0.6362416860769933,-1.9281763620875625,-0.002283417527427778,-0.21877727103614622,-0.0005824246472073151,-0.0016336668950251605,0.9757732818600758
680,306,2.7582390224280138,-3.604296510769753,-0.02068225544513158,0.8078393084178095,5.872918125130343e-05,0.0037976982133331397,-0.5893905545681902
37,306,-0.770858342295667,-0.3156902759703466,0.010422028573893627,-0.10202814524411967,0.0001947179091410247,0.0022707098492618706,0.9947789018368661
224,492,1.4090471190233407,-0.7374663827947634,-0.015381921700101664,0.7219663749802072,0.0014589740757467175,-4.0895386709872194e-05,0.691926602408198
681,307,1.0563269596386595,-6.0328075903371134,-0.0117929590697059,0.795181299280095,0.006666716690003933,0.005304022119571271,-0.6063119028298473
38,492,0.4756524002288349,9.2949087845609,-0.06767689654662368,0.9189124171562312,-0.003267737706041251,-0.0004327394358479906,0.394447847278899
307,493,-2.520412289929963,0.48963218341743886,-0.09893170281024366,-0.2716332347857904,-0.004892429117743483,0.0022549413159771397,0.9623857673182813
38,494,0.1096270616790258,-6.244958377160166,0.007737453195956645,0.8558572542013398,0.0006171020083306169,-0.0033719049743886984,-0.5172007442694743
307,494,5.396631808430323,-0.4925030923793656,0.012924731369567954,0.9841383514186187,-0.001056536873339686,-0.006518478658112148,0.1772797180527497
39,227,-6.396567508688312,-0.3149951904636761,-0.0057217699400253785,0.9143210837162108,-0.0003391922074900729,0.0015991631021150924,-0.4049867695345528
40,309,7.24866617388398,-5.23184002600183,0.019334317661579448,0.978875515177363,-0.001730054718592553,-0.0015567011403506388,-0.20444390276670643
685,497,0.6520058910650468,-1.4603501239867613,-0.0524556813886079,0.6135982463662559,-0.010028886481059093,0.005602471838834674,0.7895348160793801
42,310,-0.43862652566858396,1.00481399735317,0.2989442870770085,0.9913438615670206,-0.008316631325233418,-0.007690442536752109,-0.13080152472497028
686,43,-1.0483815638161746,-0.49427332553023073,-0.34640583283297666,-0.6624843972238658,-0.015026375297820782,0.006680742001041788,0.7488951857013475
42,230,2.1419673256102283,-7.7122736753817795,0.5775185878350384,0.9744897679663745,-0.01944876796534237,-0.0042411364714316285,0.22354742296636398
44,311,1.877510809489472,-2.9137811774301388,0.22928330177482348,0.9261534123787102,0.004391544214614635,0.011858715820279258,-0.37693493064158384
687,230,5.369986688058832,-1.8903893907227824,-0.0436368261816058,-0.6433889054252315,-6.84840462744515e-05,-0.0008831335172488636,0.76553898121575
688,231,-5.713723688015241,-1.3704774204754253,-0.05410006069781592,0.37309031833557044,-0.00033334282746868643,-0.000985129958938709,0.9277944453195363
231,313,0.18263097923466054,0.15793487959297864,-0.019187209417291573,-0.3112132400653528,-0.009020717581206317,-0.0071908904555904405,0.9502700863211474
689,233,-2.8371478563698997,3.4374314039744527,-0.0017517004926803637,0.9978100394250043,0.0010226884145518513,0.00047198115545588786,0.06613513865462771
690,47,-3.950824539978376,3.285899095960169,0.05105131425067411,0.930168452241064,-0.0010879440213952415,-0.004639766148011379,0.3671020830822964
46,502,1.045283509898177,-1.4181274073532042,-0.08790098947082314,0.00016972709228525729,0.0018524809776699763,-0.015204037083272334,0.9998826814998409
234,502,4.6918315105299255,-0.9241918997066797,-0.025371904024189318,0.5594395469847057,-0.004615567377202243,-0.00017824803148489788,0.828858285857705
691,503,0.17493089750153157,-0.30970045433472015,-0.05555040443718173,0.9999004149727367,0.0011065472252524589,-0.0011804101815897996,0.014019355277273587
234,317,-8.41422982205931,1.2117679641712829,-0.08347087656715702,0.8044539559333652,0.004283090681009266,-0.006437779733769126,-0.59396468153374
692,236,-3.9531372655213834,0.6514348424664163,0.0004558847419464662,0.6562710119027847,0.003813823654631179,-2.70136153820982e-05,0.7545156147857319
236,504,-1.2456238671377644,-3.119519364526265,-0.05094199744000871,-0.6416395339717379,0.004912350595793116,-0.0017368829847217821,0.7669886312675388
236,319,-1.4304672328236365,-5.098640377654672,-0.197439256196905,4.494098774432409e-05,-0.006525967233963908,0.0032671319932430086,0.999973367435607
694,238,-1.411701759526669,-0.9738917285375914,0.00014646225139891556,0.9348984349956098,-0.0004709635558345333,0.001370729593938134,0.35491240544177804
320,506,-2.320299452447239,4.820449591133713,-0.011543944935130002,-0.5948764983082915,-0.0018618669244613482,0.0016931342870657592,0.8038131738832769
239,507,4.304534011238959,-1.0867746416551838,-0.09500360851809564,0.34366332259236776,0.010209801478625578,0.004308100827610413,0.9390275400252116
697,509,-0.7651103190938706,0.9340937388136357,-0.040192692410891295,0.7791109579713855,-0.005609247703126373,-0.0062554194760206785,-0.6268297386342592
698,322,-0.6982700497356783,-4.7132318678349545,-0.16500233308646117,0.6437170811001548,0.004104093189990192,-0.00989596959678828,0.7651885687232424
699,510,2.766109450738256,2.256345021507508,0.05758782343701507,0.7906910332183031,0.004201433953198631,-0.0057418998634325,0.6121740508440942
700,326,9.210805690738074,-0.625797242301708,0.11250682303807613,0.8884938814210598,0.005430866038176268,-0.01017911999124458,-0.458743407459572
702,59,-1.3596587459216054,-2.4201734085974906,0.13352555551549217,-0.29671945867088534,-0.014014499168891326,-0.027380303855118335,0.9544692114572911
59,327,3.00118293061652,5.251190251151845,-0.10792961424610437,0.9840908701163348,0.023182639774888998,-0.015807283876634392,-0.17543618310709538
246,327,5.9502075114629145,5.3618099619758866,-0.13973866059029683,0.9466820634391527,0.006080572608460048,-0.006602318736430336,-0.3220442621545117
328,515,-1.5922518053587362,2.1867645170406154,0.12475021802213737,-0.5222873023290849,-0.003969421913736548,0.009111118692451996,0.8527116775508882
247,328,-1.4003820701299006,0.5425723760339345,-0.12726861670635103,0.9966269308405503,-0.0027911592009825232,-0.000682052849489843,-0.08201527270923405
60,330,-4.769374648557399,14.416905386310749,-0.38106564087329,0.9969743119604295,-0.003127350303201004,-0.003404930406529602,-0.07759411975166519
705,330,5.8004019898770345,-0.03796248129182456,-0.2288776911115748,0.8705381134511221,0.008922449865032746,0.0009202411944217848,0.492019243600808
62,330,-3.2804033364475496,3.8370122217141396,-0.0744601288277722,-0.051974395922426725,0.0014128197835041529,0.0003324898655419408,0.998647362966151
249,517,-0.6546116940681641,-0.5806603606175246,-0.11846458000209847,0.940993831913624,0.0015531769745109239,0.0007590450696265393,-0.33841929583341235
706,332,5.178161636226178,11.45710251137162,-0.2834412962624855,0.3741052208689515,0.022181804357818614,0.0024420886272721897,0.9271177311847514
63,517,8.809397885029517,7.5666161624472466,-0.07438237653508084,0.5334301020183781,-0.0012883500422108689,-0.0018976953891462738,0.8458410401293148
332,518,-1.5998112807754334,2.2976384193485915,0.012434798450010942,0.9999798988136637,0.006215745909927102,0.0012513705645925413,-2.3304682793184865e-05
63,333,16.142385033835726,14.456098219035752,-1.6798232402444424,0.03554718710880579,0.9937463229904471,0.01539858789594184,-0.10472595916213358
251,332,4.326040155968462,-8.8162470223919,-0.21973761189138796,0.9956685332862597,0.005768635412150292,0.0019058898535924446,0.09277533213595114
708,252,-2.074500201411639,4.14901488689788,-0.05450301567717486,-0.6104979209495588,0.0012858000277440572,0.006217807190652678,0.7919924078602614
65,333,-3.154023039147532,8.228346320811307,-0.27333045738451267,0.6072121516066945,-0.00715268303548577,0.006441711325419357,0.7944814323958507
709,252,0.1632993324299954,-22.992565502321604,11.420127401536455,-0.30653015586660637,0.06772910994929336,0.941307874589344,-0.1240625505378736
66,252,-5.821922220795803,4.601702193195285,-0.11174115004950935,0.6852927927561635,-0.005665516986811973,0.0018803961692096163,0.7282431971697207
253,335,-0.6531611588910886,0.37117008130542206,-0.08174190723795816,-0.27623218325113524,-0.0005133148740395732,0.0021104440319778504,0.9610884784816325
710,254,4.688105963094384,-0.15081143640733252,-0.014541482954227192,0.6219564931799908,0.0018557937714642416,0.0006626132903048825,0.783049320007593
711,336,-3.708357246949655,3.2451415828208883,-0.02236884084245605,0.8877532707510872,0.0014766829746027537,-0.00024588727913194534,0.4603171615501484
68,336,-5.352387216470287,3.3968735289255156,-0.056377362146073695,0.8659036961739036,-0.0018502167351325343,-0.001988179661348204,0.5002033714320998
337,522,-0.7990461527912421,-0.6214823253351497,-0.019878133026555417,0.9089087013796726,-0.00026240798729877234,0.009279391873913355,0.416891828397746
256,337,0.5800981551247053,8.962162835411162,-0.039146869231466486,0.9549017280941425,0.002458120535338161,0.0011522312310059842,-0.29690961535363625
713,257,-3.1101227244664518,-1.6050607780172963,0.03175776855696788,0.7678850702846883,0.0016978723884766547,-0.0010589918581359616,-0.6405845101151575
70,257,-3.690099120028898,0.0757331664662194,0.05819499182805532,-0.6930670867863723,3.3100901635173395e-05,-0.0003822151623867599,0.7208729888332279
339,525,-1.5547210816842045,5.681808337602897,-0.15564103123452966,0.10702042883623016,0.001353279984589554,0.0014572852829479153,0.9942548329098515
70,526,7.420162955072224,5.076395452638735,-0.2793250111174027,0.78550080651869,-0.021088319937810365,0.025892884744154587,0.617958998834319
258,526,-2.4660419535183014,-3.258229643182813,-0.16979261662961886,0.6997039880935607,-0.004265212312576326,-0.00010540428642119458,0.7144201326249363
715,527,-0.7215800340996116,1.268460142902221,-0.04742593117984545,-0.027107441315141086,-0.002419228716784752,-0.0057379021539702806,0.9996131303842669
258,341,9.466442784905322,8.622246538058851,0.3687980195455586,-0.32046953991383004,0.0019543957653726804,0.0010852115385599607,0.9472561832157799
716,259,-4.2055992629687955,-3.5450983067550608,-0.07341045614048769,0.9108622260835547,-0.001628077094381497,0.006325434973928075,0.4126588704141433
259,528,5.997584545505454,-2.0966827342967527,0.14711887241908256,0.9997965052149125,-0.010541513895126111,-0.0020568835393847545,0.017076120020423653
717,342,-1.2434073906001726,-3.6365383796693855,-0.04514304273144698,0.9903567080404526,-0.007584238618371007,0.000563491109381413,0.13833203765443094
720,264,1.3972908147068215,-1.8097384777987704,0.14925807821768178,-0.680889676291996,0.002281751293567077,-0.002437670529049754,0.7323783858719527
721,347,2.024895127015679,-6.765181724036874,0.2210757992059198,0.8081321424998857,-0.0018412284728830802,-0.0031296486472649292,-0.588990029996773
264,532,-0.8481424229703158,-0.6757524714386443,-0.08058864279823386,-0.08778924243370789,-0.0017850798863385336,-0.0033351945654304773,0.9961318882958851
722,79,0.559752852268412,-0.7451209177314231,0.017958027778832264,0.441248228095945,-0.002395458215802117,-6.402854915215599e-05,0.8973818913274716
79,348,-3.2834841630963987,-6.312560213445451,0.26674222760591,0.0010636280621053457,0.03207554165423525,0.004026988602029789,0.9994767689575041
348,533,5.650809660883443,-14.553839828765874,-0.46428435547154057,-0.12026125014551971,0.00025172206821643913,0.001221251116224251,0.9927414955038135
80,349,0.09988356206482485,0.22069518131172938,-0.034801408593862604,0.07697336696789656,0.0004700030168255104,0.0018061257862772237,0.997031402606976
724,267,0.42299939746678783,0.4448939181971865,0.09636810779114757,-0.500668685854194,0.0017968360095250758,0.000283476188955939,0.8656370821693348
725,82,-1.8172538305313706,-0.16823613909110663,-0.034583730251031675,0.9507815168743249,-0.0060977110407842445,0.003602658355348155,-0.3097811258663051
81,351,-8.028205323414243,10.082672327407325,0.1988463600239525,-0.19753137793650083,0.00658245733050328,-0.004878234697403251,0.9802623265290963
82,538,0.5574348702114517,4.54226468127464,-0.05770950353545934,-0.015768949091700762,-0.002599860379642,0.012351066587804608,0.9997959952533784
84,536,-11.218835626612337,-9.601916949486718,-0.2758100347578003,0.9711715157343983,-0.01828209537301072,-0.002419265500936723,-0.23766741293109456
352,537,0.2837288005925507,9.905140370570892,0.006841228616371486,0.7083933250116419,0.0016873958194377977,0.021627137989291768,-0.7054844553047863
726,539,1.7818377208379075,-1.9479965800373331,-0.11952672915534501,-0.45363658797973155,-0.010961170458078831,-0.023649503072507305,0.890805478088634
85,538,7.988599845717808,2.792090958520312,-0.2727443378590184,0.9769019905223508,0.01399903486768053,5.360172416446916e-05,-0.21322880917713144
727,352,-2.838845854027466,-0.4089443718634591,-0.0689911563935981,0.7190026401466965,-0.007311440914057055,1.723121060064232e-05,0.6949688813155059
728,353,1.311554532369333,-2.1307045308179733,-0.03648708214658947,0.8582789144849734,0.0068198365228037666,0.002929996844826237,-0.5131298177837529
729,87,9.41685975795609,-2.322283042044618,-0.08832607291772532,0.8206304120669852,0.00012330842532161317,0.000659289562841186,-0.571458902217014
730,543,-8.580944288540035,-3.6411882073726067,-0.1776522230141635,-0.44716343917386825,0.0008049227439423175,-0.00029818728357204204,0.8944518555237718
731,543,-0.05468010857336725,-0.6310436643415949,0.010137828852869069,0.5006838734257553,-5.4123132119382664e-05,0.0003814299317830427,0.8656301233629037
89,358,5.036028149402272,1.2671321561428595,-0.24567512421991733,0.995368419651553,-0.00028949239743192615,0.0003115284862898538,-0.09613286797201029
90,359,-4.720903229637634,1.7192593582941913,-0.26864633756244993,-0.3451160699512626,-0.00029898325473602395,-0.00011332633282595152,0.9385599586747513
735,92,-0.14418619208207462,0.6805112601899244,-0.07333948586532113,-0.35884278577169515,0.0003829517246496162,0.0024115217577880634,0.9333948216110894
736,548,-0.5695425515208812,-0.6965772156674116,0.04719835593323163,0.7373612936565498,-0.002996059775151308,0.0028967650216480153,0.6754857178322664
361,548,2.1176657157393457,1.5836319308276434,-0.17659580743353942,-0.13125054289618102,-0.0001036218263958911,0.00038782915142497273,0.9913491483027178
737,549,-4.337227548480018,0.058592100984147244,-0.09099484335481867,0.9064863103928941,-0.005933574126867873,0.008914451557634791,-0.42209938915116346
738,95,-4.810506373624084,-5.157707766260527,-0.31447840084880063,0.15683852891997868,0.002611100443070289,0.007907589771340349,0.9875891494061189
362,550,-0.7039794971300326,-11.86734910735756,-0.558381001491455,0.8781373064339285,-0.003003247308699953,0.008657782904492444,0.4783209114702662
96,552,-2.7672996310919173,-1.337804459442025,-0.06039679233387896,0.9364843755767113,-0.0038819294524750055,0.0003090679959543743,-0.35068768070948414
97,366,0.3510242666957015,-0.859143579867828,-0.020308805517219364,0.8347455328068571,0.0047418095507870605,0.006144663802895166,-0.5505811963806334
367,553,5.5766327692980555,-0.45040355416968514,0.24664599295305556,0.9696257740829705,-0.002549039021527854,0.0016422708222561815,0.24457445406381553
99,367,2.186385304293763,-3.1867811598225533,0.12465858790437823,0.8999252297835107,-0.0058902990525129305,-0.003257955467649637,-0.435992283076591
368,554,-1.8439439178679131,-3.15435132490687,0.05091775803516685,0.6729003856855715,0.00518433732662098,0.0011629244239416711,0.7397140266329124
100,369,2.3410536466460483,-8.866007930185152,-0.3086287202156377,0.3516932253378481,-0.0037778650261795837,-0.01470380102095196,0.9359922014754405
744,102,8.907109889788195,2.8870157692143015,-0.39670848779842677,0.9580975730172566,-0.004173724743712765,-0.0008642049929887939,-0.2864103240980262
102,370,-1.5878166979923667,-0.8359947477582397,0.08480876608135413,0.9443147920960483,-0.005382554947539638,-0.008615832846847419,-0.3288865594018537
745,370,2.1762561445481556,0.3944645238941885,0.03558711518832092,0.6644677189223616,0.0024193725176026395,-0.007187123869170306,0.7472784905222577
371,558,-0.5532303881500811,1.5082558319240311,0.03996719900728685,0.9731893668787146,0.008200774473497935,0.013842768419858008,0.2294418908018229
103,558,0.9719601178714437,-2.130588575983931,0.14255762319689558,0.6320670259992928,0.003157966802909682,-0.002667855392804816,0.7749026935284739
747,559,1.0673724813465626,-0.2125016881420395,0.01956414897342207,-0.5806610712180926,0.005654339779631088,0.008033980997697537,0.8140861158150545
373,560,0.5374088447048841,1.0080368877074364,0.02877890796925331,0.7788041916177028,0.003452474422740952,0.00180675784048628,0.6272550096772145
374,560,9.051843928076957,-0.3664630397745555,0.23676876054812468,-0.5515056171992848,-0.0007779656112415772,0.002610201914804793,0.8341667314231056
750,107,-2.5862637864695857,-2.689843476953387,0.033742079979457884,0.9597524149592415,-0.0009977291667323995,0.0005746094623905881,0.28084511094263287
375,562,-1.1401491160223276,-1.8983648201204293,0.048443555713321707,0.9970026174238922,-0.0002073719480012892,-0.001212291195398896,-0.07735805191989224
108,376,3.138004203293156,-2.741129926575497,-0.04465957650922725,-0.3234197162484977,0.0014012385866738308,-0.007205045504731147,0.9462271455583163
752,378,8.115299655612247,-0.7887949952492556,0.13597416243563165,0.35724199762362113,-0.010913818409491812,-0.002350885473886623,0.9339451359898492
753,110,1.656476962868875,-0.35523071310149223,0.04131778350354165,0.399524975378371,-0.0009785053228146493,-0.002776223665830665,0.9167175841874108
379,565,-1.52569096994741,-7.456917347872808,-0.08561655510380417,0.9940118978330276,-0.0035563551594669078,-0.005703560275384828,0.10906497469191284
110,567,-16.476785327668694,-4.859651815221601,0.18441909418154157,0.11485140363703035,0.004227172247105234,-0.0015771506969740657,0.9933724370512181
380,567,2.484441743551657,0.309230191284373,-0.0173706840421477,0.9879230336549172,-0.003029967246844867,-0.006716176079124256,-0.15477012583642452
112,566,-1.7248980252646449,-11.274706268765263,8.247610429592243,-0.05978318058571496,0.9921478525758541,-0.01046994028682974,-0.10935716848276171
113,381,6.884864072380598,3.7845371968424013,0.07016864824865454,-0.6185152944926657,-0.0066254551110951744,0.0014400220176925818,0.785743507869973
382,568,12.302624697060526,-4.808132653523857,-0.03445646621021581,0.19541934560180177,0.008817921551969383,-0.0037086631564954117,0.9806731205869051
114,570,-2.3811387198855924,-7.48351634210306,-0.0368708915774143,0.9937161467514325,-0.000279472748538865,0.0023483927730057965,0.1119045424987385
759,116,3.005447482349102,-1.7186315165874428,-0.0474585036473385,0.8558392996121756,0.007913123936928617,0.0026139456014835387,0.5171746735845558
115,385,6.811954742167394,2.2330637230104164,-0.13277438155907673,0.5501241425405712,0.0022157611949688146,0.00235386187870317,0.8350766297356095
117,383,-10.218783746437957,-11.159589145546692,-0.019253893228450503,-0.4099761224287663,0.004155568264022293,-0.0007187451785513298,0.9120865055991371
384,572,-7.08717378129448,-0.3993283631994886,-0.00588170032241786,-0.4194147273282673,0.00024813628257701196,-0.004218400938001399,0.9077849029489676
760,118,4.677898475762564,-3.2633322038734076,-0.08956234599933999,0.8977491629349017,0.008551103839110915,-0.002145708064729831,0.44041879502323367
115,387,13.527640434764168,7.083376822872419,-0.18134456727768566,-0.21927380807947777,0.008533642679076301,-0.0039085909152303385,0.9756182126990084
118,385,-2.3349998597005426,7.193393259365844,0.012300650397207957,0.9998813275596463,0.005634979089572815,-0.0015418455363610068,0.014254842004080684
119,387,-0.9432930679592557,-2.686336654496995,-0.09760108097636083,-0.44423335808455383,0.01083035297350816,-0.004980750181323178,0.8958318029334641
386,574,6.085853676199848,-0.1272457477347846,0.02421593558356372,-0.25942956670209677,0.0004744639407656128,0.0039046240235047856,0.9657540208127359
761,388,-8.789353208019751,0.5361737773499354,-0.16030142741021502,0.9949846509074282,0.008627500724618757,0.0030038036268810356,0.09960967750997544
762,388,-0.3154304549372313,3.7856519271183653,-0.08249019201939961,0.8285553492269904,0.002650401797804446,-0.0006016705864426385,-0.5599005685210148
120,388,1.6702220349095513,7.241684466699932,0.046860643828531834,0.8237829604435807,0.008274984303967059,0.007827381490169674,0.5667908704421645
121,577,-6.21849273822747,-5.043096148275376,0.004508948234238863,0.3706068740389803,0.002518556957990756,0.002062441372807827,0.9287841235300529
765,578,-9.32886071639888,-0.12950913778849793,0.023366228144566015,0.7698958472795366,0.0025015353778106873,-0.00235926699440016,0.638160293752069
766,122,7.62727329573174,1.5392101862501726,0.018825868274572666,0.7587567877227308,0.0013758722960833553,-0.0031727013893251416,-0.6513648578377572
123,578,-2.3741081431856257,0.2912891649104792,0.00747984924780587,-0.634000391069612,-0.003646545962770365,-0.0007578171113721224,0.7733237566112567
767,580,-10.2325540250453,-0.011946870559711553,0.034211055118604894,-0.01733641881592012,0.0024596012788342574,-0.0009336224735291817,0.9998462518273822
768,124,3.4694871369892533,5.819074734621982,-0.07700412517421207,0.4763205731910356,0.00404692645293071,0.0018984208285262457,0.8792603311531832
769,125,0.8503243239029582,5.417927939289531,-0.1476902895197516,0.886110904306429,-0.005537847182123973,-0.0003662609606504089,0.46344003211930085
126,580,0.04307663234009462,-12.747863180378797,-0.11291009813679764,0.6486801315980111,-0.005833068345731021,-0.004079643055688234,0.7610278698551054
770,582,3.0150480042928436,-0.14708987655547623,4.954416603099391,0.024550142723632262,0.00815229121307162,0.9925771486165575,0.11883364289817411
771,127,0.550225999847703,-4.9526710091548605,-0.0774040844606887,0.9978811066642818,0.0037734810474175386,-0.0001458408797908038,0.06495411098376176
128,582,-4.024425267115557,-12.107006912058392,-0.07896014574521093,0.9269825690591927,0.001004182338560709,-0.0007227147244082972,0.3751023673101477
128,398,4.077109244224132,13.462332921962082,0.08788220794512025,0.9763390381385268,0.004203666853051386,-0.0029303048068683828,0.21618470136775061
773,585,-5.666278006074036,-6.96201654481596,0.042392493555336586,0.9617675698092614,0.0005110697715228051,0.0019043684559499545,-0.27385991647493835
399,584,5.807278112815725,-3.983965114413075,0.1416730749262829,0.9577908786418639,-0.0027736934323721366,-0.0034806235152650715,0.28743142603955957
130,586,-1.8046208560281816,10.475187462927549,0.09529095006505517,0.7884577848541034,-0.00017287305074989393,0.002937116812203148,-0.6150818359882694
775,131,-3.837033317857229,1.2090793985060002,-0.041729376658150796,-0.6956705455142667,0.0023728260647132124,-0.0007973206413038168,0.718356614837049
132,587,1.0780154439278493,-2.4820915179065692,0.048239606487967324,-0.34499443782640876,-0.0017920261828730446,-0.0009054273045065717,0.9386025818803166
132,401,-1.6264790337661292,4.90714450991748,0.016287572649803295,0.7015605149982795,0.005292762080103933,-0.0019793311181856613,0.7125874772357683
777,134,-4.292434472073216,2.845179205407563,-0.04508206728831121,0.34072257498488057,4.349404590172356e-05,-0.0029847579810041744,0.9401591440940918
778,590,-1.387111085877466,1.068945803900559,-0.06569378008576932,0.9988255521981139,-0.00022544907599869268,0.0021012123741754097,-0.048405065389953324
135,591,2.8389156686216492,-2.703840866653368,-0.19773130211283974,0.9977743562450094,0.0022862636856025758,-0.0006274795924664775,0.06663867711455662
780,592,-3.4800454381191748,0.1005647084632808,-0.10987989379229557,0.8307443591759753,-0.009567441701414207,0.003000423510892157,-0.5565638069577857
137,405,3.123944125907536,-1.51929856067021,0.05315565047664861,0.9441962260846393,-0.003932196991372941,-0.021280999953887828,-0.3286717869171438
138,591,-9.716856838546308,13.970821111643163,0.13286584829475245,0.9879472379389926,0.003732209179010669,4.376514263128091e-05,0.15474599751842305
406,593,-3.3743894112117396,-2.732523956311712,1.7009752849525424,0.1902538139205098,-0.02511433501050475,0.9791082334003549,0.06722963448745396
781,407,2.2919990989452463,1.6790923001312836,-0.055069826315693904,0.24587507900322061,0.004090814323485087,0.002408413407331802,0.9692899000341385
138,594,0.4705432493834885,-5.056031034521782,-0.2233162925880936,0.825175124628675,0.004216092154782564,0.0037700831399990983,-0.56484867418992
407,594,-4.4538068866167455,-3.065484688399149,-0.017703052622232374,-0.4152353053224648,0.008268430434341442,0.017120637594594836,0.9095153423886078
782,408,-0.4162060254361841,-1.0670567748616917,-0.054727618253803456,0.7811684246924296,0.005358630776749791,-0.0015414343551529825,-0.6242954439365028
139,409,1.3584769376283194,-4.162212262278279,-0.27758341182389334,-0.33828555051875636,0.011113497139546381,-0.013890466190432575,0.9408753538277871
406,595,-8.393337515061482,-9.999952384694646,0.05922634702118712,-0.6086906242691535,0.010734896402257076,0.0183986405527869,0.793121665289677
783,409,1.4784417250047448,1.721662003401605,-0.044080533405677524,0.9477754934121454,-0.003591853827475823,0.001986894792401176,-0.3189118450646361
784,596,0.6517659279135319,0.834701616616145,-0.09598477865762622,-0.2524231860423104,0.003888114681748625,-0.005033141318925677,0.9675960340973574
785,598,2.5828915096630842,-5.898023074084152,-0.07135045783860972,0.9561150287160954,0.002735005328002778,-0.000755330118140681,0.29297781671226975
411,597,5.557549510104271,-5.761303706544059,-0.1051850653208346,0.8541829300858989,-0.004956476565388962,0.0022952775202400573,0.5199439267757922
143,411,-7.751130938225982,-0.8001454672584523,-0.13639230006491088,-0.3814819913631215,-0.004069456757205152,0.013011280425382247,0.9242757361139696
787,599,-0.9157046512208117,3.651582409666195,-0.09046848416599551,0.8074021533243623,-0.00125996140827793,-0.000467664456712207,0.5899999632155823
788,600,-0.9684675068939192,2.5334994602848786,-0.051809447496597105,0.7645137359829319,-0.0015237710960382715,-0.0022754255912783663,-0.6446016196484814
789,146,-2.452598466981114,2.5773773365986234,0.1362183328677702,0.8902044068623705,-0.0016760505833803144,-0.0014158192291698875,0.4555560342188078
146,601,-1.6195842321298701,-6.293909124045941,-0.160045155385536,0.957848341514629,0.0025569695136214566,0.001292757179043137,-0.28726006569562906
146,417,1.675859930093706,17.38134467441278,0.23739177367320874,0.9940362607983593,0.0062366264154067015,-0.0003452368700053476,-0.10887101322424798
791,416,-9.034195517188666,-0.7376579205068459,0.08175958716025233,0.9811234338872564,-0.0021158193099364278,-0.0010031713920059984,0.19336836461294382
792,604,-2.2183176968790157,-1.080225188134129,0.14192601964048102,0.33770992588241205,-0.0072583664065804495,-0.0003836331165961789,0.9412221708519384
793,604,8.344087016323213,-5.730468915246423,0.15867720382581596,-0.4730999911227362,-0.0007115492758026101,-0.0003847444578351426,0.8810083677633245
794,152,6.854427950779327,1.1429419853743084,0.19467872830402566,-0.061027452221091044,0.00019510642949064684,0.013347315455420675,0.9980468231395846
151,420,-3.4708628412678104,3.5381850190544553,-0.010235072389783273,0.7108541037207532,-0.002568486183437999,0.006810817490095172,0.7033018262930979
795,152,0.3921826307727114,-0.8080252825363241,0.04883847277715825,0.957831663193688,0.004969731189936172,0.0005774205397962207,0.28728639602500056
421,607,-8.466716272500557,-5.080549207107369,-14.573897553440691,0.7009002579219372,-0.47689194797692197,0.44394674614191515,-0.2902140330682592
155,610,2.7726766785102335,2.4086379360171453,0.037205504066598394,-0.4056821935752541,-0.0014920694573570242,0.00026794543255738825,0.9140129428787919
155,424,-4.22031812821969,-3.192747329806425,0.06300986187445234,0.9974402089194587,0.006937746776680159,-0.003096577800402533,-0.07110069272725245
424,611,0.15153985398724634,0.24492995758734115,0.03740992472092386,0.9825306699953892,-0.0036456406445193,0.0038095867863512482,0.18602601665148844
156,425,3.0508753921507985,4.0890344013362645,0.012663865767464255,0.409344921075557,0.0009266285868629115,0.006539109329614531,0.9123558061405009
800,157,0.5684174375872983,-0.10161408230312707,-0.0812793149509381,0.0918358908629897,0.0011069290364963487,-0.0016553876550582623,0.9957721644780098
426,612,-2.2902436213442607,8.876180858634486,-0.12795708812525253,-0.6459025190453306,0.0011448151064063902,0.0053930781502136566,0.7633999868989613
158,426,3.088629607899758,-3.1794707759319687,0.012185235958995566,-0.24397407476686822,-0.00213584198509444,0.006271324511696465,0.9697591244786172
802,428,4.078816825686555,-0.30226310242746846,0.0010053470671536058,0.328724465282671,0.0031313352262105215,0.0007186319610373171,0.9444204065099545
428,614,23.430037732953316,16.851707564186817,2.9973003480515032,0.9984989384214248,-0.03752443850822222,-0.038858347467847845,-0.009045182032363819
804,161,0.2951106541507479,0.0740025765040232,-0.06847190517950685,0.17441415277168795,-0.003262758551067463,-0.0018202975160868324,0.9846652955377906
161,616,5.062668383764301,2.2338772783686682,-0.03847315792374162,0.998667373412192,-0.00018225250955664584,-0.0007228131855222142,-0.05160350382595291
805,617,5.6664954787562705,-3.574392139073156,-0.2282120553166216,0.14289975595282303,0.003971252492207559,-0.0012764437071254955,0.9897283766739889
430,618,-5.710979484913227,8.406375805748665,-0.16253075450507626,0.9988357266299555,0.001267263128635488,0.0015466710973769,0.048199513071071974
164,432,-4.328287676598504,-2.1704478692927642,0.06377911419406601,0.965070911913931,-0.00014553227491424526,0.0032995832685557562,0.2619679876401399
433,620,-0.3095574690873799,0.12519656204325985,-0.12421493120433658,-0.1580792989147383,-0.0007371866080783689,-0.0008879738471274072,0.9874257457211537
809,286,-5.346016468478265,38.23003632759472,0.09667982693867802,0.9998425018532197,-0.01102668590359219,0.013903570030821221,0.00027281179617733036
167,286,2.6174074274451185,-3.623990521504544,-0.2624707172322488,0.8502938884630246,-0.024762819768522622,0.026611900922434064,-0.5250513429454645
435,621,7.297951116412287,5.403044550193817,-0.13404272419038277,0.9621908401874412,-0.0006299771855620385,-0.00015831302083158595,0.27237541211555627
167,622,-0.357673781149245,0.5154151481564786,0.07759216013610581,0.9734608915288688,-0.001170574232310423,-0.0016565024078296511,0.22884444153083422
168,623,0.006387192303655809,-0.7835609665832988,0.11088954344748081,0.8307028214486463,0.00030144514421889313,-0.003224940973609805,-0.5567066833834495
16,168,2.774660660496256,-4.7322071336650335,-3.3111812625712633,0.8236239997733179,-0.10396093005214727,-0.09108954167947311,0.5500348420025024
169,437,-2.8514091437527815,2.9253013625563726,-0.1636509091846159,0.9734869180049782,-0.004654109225935729,-0.0021497269606417916,-0.22868523873323485
813,625,0.48827629619733026,0.5060925835304982,-0.053571875743667396,0.9999892267576964,0.0046083738903902535,-0.0005335019103511474,0.0001569533140357987
814,282,-1.7830460457113801,-4.369689938650641,-0.2943560386011759,0.9954877206365375,0.004036842138471428,-0.03881620246161855,0.08649395582281375
171,200,2.9702240437995266,1.7258850616818737,-0.16264509351211043,-0.6299853212634131,0.023484330854118232,-0.0278909085911347,0.7757506547950375
282,438,3.6893240982053053,13.281019663409634,-0.42638544302984194,0.9940064668311048,0.009172752366921536,0.03376019133585831,0.10357245769472288
815,198,1.2607347913221179,-5.7023909219397275,-0.527654841885117,-0.6757941019277162,-0.03642087971026984,0.003340598518253335,0.7361825125078574
172,628,4.332637945359702,-0.007290198334434228,0.052057954774367365,0.9723729626854062,0.0009494041881421383,0.0032030291884306054,0.23340878448359909
198,440,0.970366902306597,2.718918436405385,0.2814313092984158,0.1717108021309241,-0.009775404284224957,0.023082836610205187,0.9848284239179234
281,628,2.9061580945581404,3.872861740788034,0.011313452375105282,0.9023866621502896,-0.03579305836029384,0.005020630107164134,0.42940885205105217
816,12,7.49966768669832,7.348648184022225,-1.0503344730892503,0.8602757998127117,-0.03983771169735695,0.006647977353551013,0.5082266319078764
12,173,-5.928004704927238,5.296801866569293,-6.777763039756436,0.07721743795732519,0.10600461333663479,0.9906910352063546,-0.03649331429753562
279,628,-1.0154200875556874,1.6438445951709486,5.805869823715197,0.9999939168917285,-0.000526467653896745,-0.0032748982936245813,-0.0010789126539119398
817,198,-4.778073094404195,3.908343480979541,7.141497264940922,0.09080068492811645,0.6190275392161703,0.7594661719629747,-0.17824498577088543
10,174,3.7192145581168994,-2.534211629734842,-0.09834472109746328,-0.5784348332473049,-0.018606004860166756,-0.030425570685001846,0.8149486148940913
11,173,-3.4006456786871815,-2.306072272084231,-0.060272691276918255,-0.4480997000189468,-0.028076638733520235,0.021527231005491657,0.89328323589195
198,279,5.419126711374546,4.6337560455928415,0.14174650846489278,-0.19257789606070702,-0.0027654430677732356,-0.003061937504212028,0.9812730154305633
443,466,19.750353128830323,-2.5884838757679023,-0.3910990011350179,-0.46108625775888257,0.014472643195710887,-0.020684583748203627,0.8869961406342208
818,278,-13.2625588362874,9.093691402190998,22.17616632628411,0.2525093408441761,0.9328035844351242,-0.21972369357411822,-0.13355899121201395
9,442,14.388754889934617,-7.824630362432175,-0.06470572003345043,0.556796446651612,0.004636338822862084,-0.03719270095942782,0.8298029430857671
175,631,4.266353196623978,0.8430676126896348,-0.07227550401813887,0.9275076719851405,-0.00048632863444180883,0.0017065941897293092,-0.3737999056038349
443,631,-6.508146447108489,0.5150563254423748,-0.053014986486383364,0.5113537813916536,-0.0005683817889915523,-0.002725585422220345,0.8593657884642053
820,176,-1.756335804952822,-3.1855159301693003,0.13764106269044407,0.8358281728744916,0.013498439290515913,-0.017498898499978287,0.5485461203192459
821,193,-0.37270474646102425,-2.868444970283198,-1.514682832913481,0.38560975379069,0.2154960274310593,0.8468817533577753,-0.2960707276523228
178,445,8.064286751035212,-12.011157382735874,0.4606863443296023,-0.7052518389133753,-0.0020281098306417027,-0.001658814889689001,0.7089520285696198
822,446,-0.544288170230478,-3.968146889645556,0.027056468828751123,0.7992819473466033,0.003285979990823841,0.006803087568015393,0.6009087193416845
823,447,2.3366517971840577,3.5611869807254823,-0.07677678737076477,0.9689298669689552,0.008241239976185567,-0.013293385831197964,0.24684059786088816
824,182,-4.460867099424306,3.7328945561547235,-0.004296188053507066,-0.3237529257338754,0.008280930155279208,-0.028072513909826537,0.9456888511753228
181,450,-0.35794080605841977,-9.680351315472965,-0.5652914099488591,0.001969478004261172,-0.02950734234070002,0.027848634759729717,0.9991746050848164
825,182,-1.0014763079099265,4.455093524366804,0.05541258308977359,0.9678817423886882,-0.025445734673513628,0.005940256529047573,-0.25004431745178957
183,451,-0.3306120886337448,-6.374387410246603,0.06297093088144212,-0.1490297658675322,0.010331630711590996,0.016872501381216397,0.98863476824834
826,639,-2.6296141341329844,3.5314677521556392,0.08640362526591816,-0.5442590383771905,-0.0077006187645998125,0.005000106147939012,0.8388669730975751
184,639,-1.3162726835051808,-1.9523682545996892,-0.037867081473580644,0.9381573951308065,0.013567951180398191,-0.0053581893505743475,-0.34590157916527275
827,268,5.937987315800881,-2.3405969803522084,-0.033383749929638995,-0.14679759572687273,0.031449202672846094,-0.02548338418890846,0.9883380042628799
185,454,0.05554749541486825,-5.816122077741264,3.6191404544105907,-0.07838898646611205,0.011947686576182061,0.9936988891088858,0.07921450227110803
268,639,6.7294729828595425,-4.377744968238078,-0.4917463556738568,-0.6260729615204355,-0.0019627862294641783,-0.02506092776557581,0.7793591881942352
